encog,BasicNetwork,java,3.2.0,1,1438068586666
[BASIC]
[BASIC:PARAMS]
[BASIC:NETWORK]
beginTraining=0
connectionLimit=0
contextTargetOffset=0,0,0
contextTargetSize=0,0,0
endTraining=2
hasContext=f
inputCount=10
layerCounts=2,16,11
layerFeedCounts=2,15,10
layerContextCount=0,0,0
layerIndex=0,2,18
output=0,0,0,0,0,0,0,0,0,0,0,0,0,0,0,0,0,1,0,0,0,0,0,0,0,0,0,0,1
outputCount=2
weightIndex=0,32,197
weights=1.8823750098,-2.3385552231,3.2172492876,-0.0371133,2.4266448253,-0.0201641796,1.8325333094,2.6414691558,0.618465274,-0.3128663971,0.5138659643,1.0825401722,-0.4406633563,0.578773332,1.3709290324,0.0027934905,-0.4323088092,-0.0003771147,-0.0002731399,0.2096124115,-0.0036545188,0.6970557174,0.0000549334,0.000318008,-0.0013883103,0.4543853072,0.4233305982,0.0003393936,0.6896074547,0.0002421769,0.0000971755,1.4948680998,1.9342015653,0.5171822538,1.9704344277,0.0365450559,0.6681346212,0.9165502392,0.0724570965,0.6303296413,-0.036994181,0.3363743417,0.9043784704,-0.0043941252,-16.6931109945,-1.6320202561,-13.7439274087,-0.229802509,0.2316259037,18.8203563478,0.2615766356,-7.6555719848,2.3843321444,-7.2428325111,3.6854620521,2.8420096795,2.0941978329,1.0872151664,0.1133011763,1.0864900121,-2.2027486948,0.389330157,1.2523558464,-0.1407193429,4.4778701366,0.6867785871,0.5418451186,10.2312246813,1.4697230904,0.4475044667,-0.4717573564,1.7202764348,1.9225254782,3.104015794,0.8538466479,0.06842396,-0.6940542403,-0.8377311332,-0.6497760163,0.0303527102,0.1441814172,1.1141979434,0.0221227908,0.4320786394,-0.6506315194,0.4314235908,-0.9447909096,104.9121453329,3.2476957898,87.4300887663,2.0035704811,1.6191512786,-3.6118145014,6.8213159175,4.0782196677,-0.3626599704,35.230560479,-11.3545944321,16.966147496,-24.4140960365,-8.1634601749,-2.9457787278,0.9495641584,0.9006371791,0.3756366896,-1.3654439637,0.1142231041,1.1465363542,-6.6302373801,-0.3392981984,-1.182430897,-8.5043197412,-3.2664518842,-0.3864904211,0.3484547498,12.4478711523,0.7603497047,-5.3885887047,1.360986586,0.2524189176,0.8820302282,0.6135448306,0.0903947426,-1.0169687279,0.7755744339,0.5503156827,-0.2560088857,-0.1280548287,2.090211929,0.6521319934,0.5645427018,-0.0450297027,1.9039816085,43.8773771622,23.1245099468,-0.0547983119,-0.301864112,4.2725133128,11.3599585194,-15.8619223274,-10.4780252845,-3.1584392109,2.6167419637,0.2415963038,1.7473750357,0.3516960971,0.6843771154,0.5141277622,0.1204207936,0.3400619752,-0.1872214638,-0.2409416618,0.8097780243,4.5698128063,2.0638079967,0.4178328589,2.7451629795,-1.4983225445,0.8459533227,-1.5829191083,-0.9887011,0.1056378699,0.6886208502,1.6777126397,133.9257379245,1.7143307588,92.1807318191,14.7669541475,1.5404800767,-5.4350317046,20.7725446215,7.8062801604,0.6252174541,28.0474539883,-7.1920117086,0.8397765871,1.2999466029,-5.7224328729,-0.1596526225,0.65028555,-0.1777904066,19.7842859038,4.2964438395,-15.9814913286,0.2677019281,-8.4584533566,-0.1683730372,-1.4988926991,-6.1967481882,-1.9653616348,0.1114683172,0.8246454306,4.7683322486,0.4429998799,-2.5509187356,1.848597554,-0.9027362443
biasActivation=0,1,1
[BASIC:ACTIVATION]
"org.encog.engine.network.activation.ActivationTANH"
"org.encog.engine.network.activation.ActivationTANH"
"org.encog.engine.network.activation.ActivationLinear"
