encog,BasicNetwork,java,3.2.0,1,1438067700321
[BASIC]
[BASIC:PARAMS]
[BASIC:NETWORK]
beginTraining=0
connectionLimit=0
contextTargetOffset=0,0,0
contextTargetSize=0,0,0
endTraining=2
hasContext=f
inputCount=8
layerCounts=7,13,9
layerFeedCounts=7,12,8
layerContextCount=0,0,0
layerIndex=0,7,20
output=0,0,0,0,0,0,0,0,0,0,0,0,0,0,0,0,0,0,0,1,0,0,0,0,0,0,0,0,1
outputCount=7
weightIndex=0,91,199
weights=-0.3268331538,0.1288859698,0.1469216774,-0.895398359,-0.039877783,1.9174125797,0.1233604673,0.4178668219,2.9576271402,0.0893615738,0.5115849117,0.4867100913,-0.5167106675,-0.5510321739,0.3360058317,0.3986250371,0.3973078077,0.6968859309,-1.0123195337,-0.7498871788,-0.2574385956,-1.4991230809,0.3458913411,0.2307271019,0.2416028562,0.0774620755,-0.0646272754,-0.2265575768,0.3367737372,3.9039409624,-0.2212838901,0.8701342467,0.1175015296,-0.5385493667,-4.0475974251,-0.1770773625,0.9610295513,0.1667421595,0.7214902234,0.3865634186,-0.1891586787,-0.1400974227,-2.2203442982,0.050211991,-5.4919790441,0.6215590537,0.1507799993,-2.4557385053,-0.1921847101,0.004325168,0.1231267295,0.1103477288,-1.0612021585,0.2157547516,-0.2053761586,0.0046057223,-0.0955255739,0.0261600101,-0.0029822786,-0.0905861948,0.0090819664,0.2066823918,0.0055249258,1.2016691551,-0.0635706147,-1.058285748,0.3113529116,-0.3618527427,-0.0009820738,-0.0797289012,0.0322066939,-0.0030743918,-0.0835794833,0.0199958464,1.6129000214,0.0074115289,0.0055819657,-0.0922397502,-0.0768513261,1.4553193035,-0.2483222669,0.0056726049,-1.7174846897,0.0049558576,0.0015474127,-0.0063057297,-0.0008658682,-0.2629702322,0.0002550215,0.0000713588,-0.4622817236,0.0423320877,-0.1965427779,-0.012786201,0.8561390695,-0.0667162291,-1.1850784459,0.1046113198,0.1048937448,-2.1549279484,0.3011924579,-3.5220799678,-0.2539143547,8.4765722714,1.2214433716,-11.365573232,7.139553045,3.7895077732,1.0706217729,0.508330304,0.3218369409,-0.6223437579,0.8603526816,0.9203775494,0.6303307613,0.5447085647,0.3307707251,-16.2796607442,-0.1111250855,-1.2057288804,0.0051259151,-3.1812595758,0.3096353493,4.5063908192,-12.6610595405,-4.9398573879,0.9706205572,3.1904342311,-5.4054020568,-0.6542475872,-9.4112334542,1.6606169761,-3.9068762999,149.8912985797,84.4200586612,-0.0962463982,0.143075041,0.2318903981,0.0041584906,7.5887145184,-2.2175820384,-2.4725549453,17.13001263,3.478213331,0.0586422001,1.8802436933,1.0626814953,-0.9883153653,-70.5057291568,0.7568414421,66.4025858586,134.8507713443,69.3906336181,0.7454189312,-0.0133563774,0.6532479802,0.0270201737,-0.5011837498,0.630551681,0.4380394151,-0.4739943166,0.1857727685,1.4266061184,-0.0879303058,-0.8755782087,-0.0032283415,0.3608390847,-0.709169023,4.1623985507,-6.6228190553,-4.312279416,2.0166956719,-1.0213404981,2.2383661633,0.6874805088,-13.5431641037,-1.391330555,29.8352634218,-1.5903384411,-8.6424708455,0.8191559285,-0.3827891026,-25.6372716551,-0.585608009,0.3533960995,2.288742701,-2.4286033403,2.1207599401,7.5396217968,2.2724536189,1.448618685,11.7019465929,0.0938024843,0.9900013664,-2.5691763237,-8.9299253634,-5.4585897161,7.694354615,-4.6175504058
biasActivation=0,1,1
[BASIC:ACTIVATION]
"org.encog.engine.network.activation.ActivationTANH"
"org.encog.engine.network.activation.ActivationTANH"
"org.encog.engine.network.activation.ActivationLinear"
