encog,BasicNetwork,java,3.2.0,1,1438685787698
[BASIC]
[BASIC:PARAMS]
[BASIC:NETWORK]
beginTraining=0
connectionLimit=0
contextTargetOffset=0,0,0
contextTargetSize=0,0,0
endTraining=2
hasContext=f
inputCount=8
layerCounts=7,13,9
layerFeedCounts=7,12,8
layerContextCount=0,0,0
layerIndex=0,7,20
output=0,0,0,0,0,0,0,0,0,0,0,0,0,0,0,0,0,0,0,1,0,0,0,0,0,0,0,0,1
outputCount=7
weightIndex=0,91,199
weights=-0.0065328459,-0.1656842892,0.4966073339,-0.2498244407,0.0001117561,0.8967416343,-0.5053709714,-0.0018995522,0.4932987926,1.1114591531,0.481515567,0.4776469703,0.3966790324,0.6762863191,0.0264911359,0.2329109,0.1357532088,-0.6726544129,-0.4244437696,0.2399800828,0.0006066651,0.2340116578,-0.5431497548,-0.1054193922,-0.2270964504,-0.0819786531,-0.1601470109,0.156800751,0.1588549723,-0.0115279091,0.1593612673,-0.2284546826,0.1641447135,0.0003413824,0.9738691211,-0.2151386944,-0.3082156267,-0.9754734373,-0.2791459728,-0.9783757354,-0.5242493393,0.1161649728,2.4799685977,0.1213817222,0.6532294538,1.0188211305,0.0036595385,0.0010961492,-1.6891963546,0.561280735,0.0904734888,0.6269963705,0.0000534331,0.0140992356,1.1990949732,-0.0000712232,0.0988467839,0.0038209639,-0.0001133764,-0.0000421907,0.0000262069,0.0038257329,-0.0201025501,0.0000919977,1.0800370866,-0.0000020315,0.0084901456,0.0000561135,-0.0001559407,0.0832310935,-0.002277911,0.0000099365,1.3148883382,0.000011449,-0.0022112602,-0.0109192001,-0.0000280322,1.220337613,0.0000441909,0.0037101233,0.0000065865,0.0002110396,1.7392008162,0.0002460712,-0.0000381226,-1.7392052609,0.0000055344,0.0000804512,-0.0059547709,0.0000620482,-0.1495742737,-3.8048348792,-9.1680841173,-2.308724754,108.5936900278,10.3294504749,-68.479073097,-253.4034851545,-120.9334073418,9.3303419823,-0.0062856706,-0.1481900545,0.0058452653,0.1890839283,-0.2242334767,0.3659866528,0.7697528319,-0.1132929455,0.5974109698,2.689722295,19.809101382,-1.6380537897,0.6514904706,5.986646762,-5.8066162784,-4.7488032234,19.8326787518,-6.1965392798,-0.0961296473,0.4806346969,0.2810353907,-1.1858527198,-0.1159081831,-4.4757309431,14.4362891416,3.7794538239,-2.5784128749,-7.0288982705,24.3238259019,-0.631285531,-18.1381441043,-4.2132992433,13.4930070746,-177.5968632887,-82.8222567214,0.6690119149,0.1087876592,-0.6964617859,-0.3777330604,-1.7612244131,1.1237793556,4.1931269797,-18.425752998,-3.3370110681,1.5472153931,-1.4977826541,-0.3486534725,-3.97456141,-243.2136387627,57.6706758772,73.5679385445,-284.4814550159,-10.6328511024,-27.6534576499,-1.669786888,-2.5209142051,0.9295660938,-3.7080373475,-0.3455650501,35.7279027662,1.0651242478,-21.7824542124,-1.2289713942,-0.3974997406,-37.5525346032,5.4042706358,0.2591489529,19.6216342872,-14.0176203287,1.1053516591,45.0199386624,5.1203907623,-0.1179681862,1.0383379265,0.3776867636,2.0909588725,-1.3453209265,-2.3512262568,21.2299875753,3.751105044,-0.5279484988,-0.0042893793,-0.1047773275,0.0050663828,0.1223223683,-0.1478269882,0.2475201673,0.5047226526,-0.0810322804,-0.7456196855,-0.5262954513,0.3158034172,-0.6598721728,-12.0342039836,2.3554334173,9.7487437818,-95.381121577,-35.6898901747,14.7857485927
biasActivation=0,1,1
[BASIC:ACTIVATION]
"org.encog.engine.network.activation.ActivationTANH"
"org.encog.engine.network.activation.ActivationTANH"
"org.encog.engine.network.activation.ActivationLinear"
